{"intrinsic_parameters": {"focal_length": [956.0007842949757, 956.791389536468], "skew": 0.0, "principal_point": [368.8792007144458, 648.8373417773257]}, "extrinsic_parameters": [{"image_id": 1, "rotation_matrix": [[0.9969699896732815, 0.013891943808912262, -0.07653661599565893], [-0.02499171961346386, 0.9889630190839448, -0.14603958653437438], [0.07366310909552308, 0.14750986672619237, 0.9863136344879361]], "translation_vector": [[-3.935356008604779], [-3.5774640575763894], [14.65599329858438]]}, {"image_id": 2, "rotation_matrix": [[0.8902069850507754, -0.2420496769547465, -0.38593195987493856], [0.12308779222690236, 0.9434558810712214, -0.3077992785515137], [0.4386124931776514, 0.22650155486933918, 0.8696643757624296]], "translation_vector": [[-1.4938499717828642], [-0.6195771283888775], [13.902263891843356]]}, {"image_id": 3, "rotation_matrix": [[0.9626273421862074, -0.012030114186865788, -0.27056214891992825], [-0.014517807635366822, 0.995284485870458, -0.09590633684507291], [0.2704400734672673, 0.09625003136741866, 0.9579134084690484]], "translation_vector": [[-2.9013984837626507], [-2.999754519696952], [14.472887121622124]]}, {"image_id": 4, "rotation_matrix": [[0.984994403235561, 0.049289209471473236, -0.16539830538520764], [-0.022065381105772247, 0.9864518984633568, 0.16256005344086288], [0.1711699288756007, -0.15647116618635015, 0.9727371842388907]], "translation_vector": [[-3.3806343120918596], [-2.3987340589594144], [17.248741952795445]]}, {"image_id": 5, "rotation_matrix": [[0.902577033310807, 0.16527421987201882, -0.3975413578302993], [-0.0941133166331948, 0.9767898604636428, 0.19241687069411884], [0.42011591563777073, -0.13625711262577378, 0.8971825994114714]], "translation_vector": [[-2.411023468891394], [-2.318253852936823], [15.206867516584365]]}, {"image_id": 6, "rotation_matrix": [[0.9963613616408711, 0.016227487069470754, -0.08367021986680422], [-0.026619863324472158, 0.9918461093896896, -0.1246301655504086], [0.08096554764673443, 0.12640397126651517, 0.9886691135776006]], "translation_vector": [[-3.3670846567885127], [-0.9229500315161264], [13.953998687522578]]}, {"image_id": 7, "rotation_matrix": [[0.9945649794394421, -0.017520934077737294, -0.10263293107801988], [-0.025056079307878076, 0.9164932165680376, -0.39926479543592297], [0.10105787728989424, 0.3996663619243127, 0.9110730511785786]], "translation_vector": [[-3.461146366080621], [-2.3049935773618504], [12.234448481212281]]}, {"image_id": 8, "rotation_matrix": [[0.9804516076428115, 0.05577105519081027, 0.1886908436398813], [-0.04447543411752754, 0.9969852342097775, -0.06357970216769404], [-0.19166789201815732, 0.053944714018880534, 0.9799762175679251]], "translation_vector": [[-4.201140947352287], [-3.667762918207748], [16.34726271344013]]}, {"image_id": 9, "rotation_matrix": [[0.8474089868453598, -0.27401134809904837, 0.45477004092910833], [0.0788606909625768, 0.9119932656534084, 0.4025534434379319], [-0.5250514264666135, -0.3052639259981, 0.7944400134998241]], "translation_vector": [[-2.7960420340142544], [-3.4193722991352953], [21.80064195660137]]}, {"image_id": 10, "rotation_matrix": [[0.9982900102700566, 0.053967127008447684, -0.022463405740546945], [-0.05074343221090503, 0.9908186350781912, 0.12531375211542944], [0.029019984191374863, -0.12395959657986987, 0.9918628226389414]], "translation_vector": [[-4.368997509316905], [-1.4170888134757005], [15.812592788236184]]}, {"image_id": 11, "rotation_matrix": [[0.9174957064773661, -0.003684222933483798, -0.3977286199118377], [-0.0766770449519994, 0.9795617495213401, -0.18595539694270863], [0.3902848438935693, 0.20110993355890616, 0.8984612040878028]], "translation_vector": [[-2.2491654144720377], [-4.792879702328362], [15.573748647606807]]}, {"image_id": 12, "rotation_matrix": [[0.9174040850191474, -0.1958537323106206, -0.3464261253574573], [-0.017321806123533387, 0.850034206213568, -0.5264425925962755], [0.39757980308712826, 0.48896131115546265, 0.7764323128066806]], "translation_vector": [[-2.697958624736396], [-4.057611366611598], [14.659801847057969]]}, {"image_id": 13, "rotation_matrix": [[0.9308432164528967, -0.07530775791848776, 0.3575746746917575], [-0.08042771608847069, 0.9123160187536924, 0.4015107276402522], [-0.35645797630073894, -0.40250245157353126, 0.8431663463450608]], "translation_vector": [[-3.0025182330316253], [-2.0399298922998765], [20.43833153371398]]}, {"image_id": 14, "rotation_matrix": [[0.9878001195724071, 0.14890934349854726, 0.045573360547254416], [-0.1266302403178148, 0.9384043948700915, -0.32149957064598067], [-0.09064053182650056, 0.31180634872838797, 0.9458123994127378]], "translation_vector": [[-4.038713140114527], [-2.2409363081753546], [16.696216600552788]]}, {"image_id": 15, "rotation_matrix": [[0.991199725288676, 0.035948524637211286, -0.12740018902678785], [-0.09606079546598942, 0.8575173900872751, -0.5054070134776025], [0.09107924111505764, 0.5131974564184003, 0.8534242453572487]], "translation_vector": [[-3.8646648665693815], [-3.268634269120243], [16.510665470362653]]}, {"image_id": 16, "rotation_matrix": [[0.997003886050578, -0.027780206320663088, 0.07219079814510591], [0.01131273720044356, 0.9756152139698188, 0.2191962049116235], [-0.07651975677614074, -0.21772279257672156, 0.9730064297914552]], "translation_vector": [[-3.2707137617251543], [0.09792681994267624], [19.134507980688458]]}, {"image_id": 17, "rotation_matrix": [[0.9953402845376604, 0.0015121470590977824, -0.09641281754912476], [0.017912453274642186, 0.9795734856566004, 0.20028711944671312], [0.09474630332721651, -0.20108082854874515, 0.974981865675448]], "translation_vector": [[-2.8780792475058914], [-0.6042795911545104], [18.131645410114103]]}, {"image_id": 18, "rotation_matrix": [[0.9894455956952022, -0.007309277378152119, -0.1447203773612261], [0.01850340478695139, 0.9969242179988576, 0.07615594250389521], [0.1437186041215843, -0.07802998161973129, 0.9865375232588813]], "translation_vector": [[-1.8013831434343397], [-1.4620142997404422], [17.84624152168672]]}, {"image_id": 19, "rotation_matrix": [[0.9941558378850187, -0.0029411453983678717, -0.10791440896785719], [-0.0063096692371468815, 0.9963368675176025, -0.08528208779884004], [0.10776993121114108, 0.08546458967874894, 0.990495555688055]], "translation_vector": [[-3.50876383702895], [-1.9313765186791334], [12.670821506330078]]}, {"image_id": 20, "rotation_matrix": [[0.9907386083722735, -0.01217911268446743, -0.13523564284163417], [-0.0021342645900362927, 0.9944494046020841, -0.10519423273744657], [0.13576617691910867, 0.10450861639491457, 0.9852134257631642]], "translation_vector": [[-3.2614191925182894], [-0.9060529998409803], [16.23237364522979]]}, {"image_id": 21, "rotation_matrix": [[0.8915409541345128, 0.4425186737667058, -0.09660202103826908], [-0.4512962375282455, 0.8497126088075109, -0.2726172929701698], [-0.03855428761852338, 0.28664561012038847, 0.9572606025032778]], "translation_vector": [[-4.031846218591333], [-2.0465471889646025], [15.131544373206541]]}, {"image_id": 22, "rotation_matrix": [[0.9218847006098219, -0.1447707567879747, -0.3594023188024478], [0.1628903187829774, 0.9864316595762089, 0.02047742738984195], [0.35156129313153806, -0.07742098529961577, 0.9329580098841092]], "translation_vector": [[-1.1500329892873846], [-3.8305517925632278], [15.17411153403259]]}, {"image_id": 23, "rotation_matrix": [[0.9542924043621909, -0.24932351944862208, -0.1648144096442458], [0.17688801330478948, 0.9156530492074625, -0.3609572332370703], [0.24090794450518502, 0.31530505249175556, 0.9179030919151857]], "translation_vector": [[-3.075792578891633], [-4.290927160769715], [13.390090677197566]]}, {"image_id": 24, "rotation_matrix": [[0.9992303571377241, -0.01572184784046592, 0.0359376804329055], [0.019587378163201618, 0.9937523080990492, -0.10987576968788032], [-0.03398570274553896, 0.11049512952295057, 0.9932954235073261]], "translation_vector": [[-3.245058403234734], [-4.202402462553161], [16.552744891814648]]}, {"image_id": 25, "rotation_matrix": [[0.9725049994508823, -0.06691945154190662, -0.22306011084093386], [0.08447854339125255, 0.9939550398398825, 0.07011957275532851], [0.21701935800644961, -0.08703542831645028, 0.9722795032644885]], "translation_vector": [[-2.591620113132734], [-3.5480869170108935], [16.497598014989766]]}], "radial_distortion_coefficients": [0.21596242593047732, -1.0431492814126955, 1.6026256679524444], "reprojection_errors": {"mean_error": 0.0749840389967154, "std_dev": 0.023955528050868088}}